M=70;H=1.75;alpha=8*pi/9;Ig=14;d1=0.017;d2=0.031;


theta = pi-(8* 3.141592653/9/2)*t^2;

c = -(0.031*((-8649*70^2*0.017 + 8649*70^2*0.031 + 250000*0.017^2*0.031 - 250000*0.017*0.031^2 + 250000*0.017*y^2)/0.031^3)^(1/2))/500;
F1 = (5117500*((3481*(dc/dt)^2)/2500 - (137837*(dc/dt))/125000 + 133240849/25000000)^(1/2))/6111 - (6038650*(dc/dt))/6111 + 2047/18;
F2 = (882500*((3481*(dy/dt)^2)/2500 - (137837*(dy/dt))/125000 + 133240849/25000000)^(1/2))/2037 - (1041350*dy/dt))/2037 + 353/6;
0.00636*70*70 +F1 * (0.186)*70*0.017/c- F2 * (0.186)*70*0.031/y = -(14+2.24e-4*70*70^2)*8* 3.141592653/9/sin(3.141592653 -(8* 3.141592653/9/2)*t^2);